(kicad_pcb (version 20171130) (host pcbnew 5.0.2-bee76a0~70~ubuntu18.04.1)

  (general
    (thickness 1.6)
    (drawings 14)
    (tracks 380)
    (zones 0)
    (modules 83)
    (nets 58)
  )

  (page USLetter)
  (layers
    (0 F.Cu mixed)
    (31 B.Cu mixed)
    (32 B.Adhes user hide)
    (33 F.Adhes user hide)
    (34 B.Paste user hide)
    (35 F.Paste user hide)
    (36 B.SilkS user)
    (37 F.SilkS user)
    (38 B.Mask user hide)
    (39 F.Mask user)
    (40 Dwgs.User user hide)
    (41 Cmts.User user hide)
    (42 Eco1.User user hide)
    (43 Eco2.User user hide)
    (44 Edge.Cuts user)
    (45 Margin user hide)
    (46 B.CrtYd user hide)
    (47 F.CrtYd user hide)
    (48 B.Fab user hide)
    (49 F.Fab user hide)
  )

  (setup
    (last_trace_width 1.27)
    (user_trace_width 0.1524)
    (user_trace_width 0.254)
    (user_trace_width 0.381)
    (user_trace_width 0.635)
    (user_trace_width 1.27)
    (trace_clearance 0.1524)
    (zone_clearance 0.508)
    (zone_45_only no)
    (trace_min 0.127)
    (segment_width 0.2)
    (edge_width 0.15)
    (via_size 0.762)
    (via_drill 0.381)
    (via_min_size 0.6096)
    (via_min_drill 0.3048)
    (user_via 0.6096 0.3048)
    (user_via 0.762 0.381)
    (user_via 1.1176 0.5588)
    (uvia_size 0.3)
    (uvia_drill 0.1)
    (uvias_allowed no)
    (uvia_min_size 0.2)
    (uvia_min_drill 0.1)
    (pcb_text_width 0.3)
    (pcb_text_size 1.5 1.5)
    (mod_edge_width 0.15)
    (mod_text_size 1 1)
    (mod_text_width 0.15)
    (pad_size 4.4 4.4)
    (pad_drill 2.2)
    (pad_to_mask_clearance 0.051)
    (solder_mask_min_width 0.25)
    (aux_axis_origin 0 0)
    (visible_elements FFFFFF7F)
    (pcbplotparams
      (layerselection 0x010fc_ffffffff)
      (usegerberextensions false)
      (usegerberattributes false)
      (usegerberadvancedattributes false)
      (creategerberjobfile false)
      (excludeedgelayer true)
      (linewidth 0.100000)
      (plotframeref false)
      (viasonmask false)
      (mode 1)
      (useauxorigin false)
      (hpglpennumber 1)
      (hpglpenspeed 20)
      (hpglpendiameter 15.000000)
      (psnegative false)
      (psa4output false)
      (plotreference true)
      (plotvalue true)
      (plotinvisibletext false)
      (padsonsilk false)
      (subtractmaskfromsilk false)
      (outputformat 1)
      (mirror false)
      (drillshape 0)
      (scaleselection 1)
      (outputdirectory "ClockRadio_PhysicalInterface_fab/"))
  )

  (net 0 "")
  (net 1 GND)
  (net 2 V6P0)
  (net 3 SYTEM_POWER)
  (net 4 STBY)
  (net 5 I2C_SCL)
  (net 6 PI_5way)
  (net 7 PI_pot)
  (net 8 I2C_SDA)
  (net 9 /Output_Enable)
  (net 10 /CLK_EXT)
  (net 11 /A5_SEL)
  (net 12 /A4_SEL)
  (net 13 /A3_SEL)
  (net 14 /A2_SEL)
  (net 15 /A1_SEL)
  (net 16 /A0_SEL)
  (net 17 V3P3)
  (net 18 /OR1)
  (net 19 /BL1)
  (net 20 /OR2)
  (net 21 /BL2)
  (net 22 /OR3)
  (net 23 /BL3)
  (net 24 /OR4)
  (net 25 /BL4)
  (net 26 /OR5)
  (net 27 /BL5)
  (net 28 /OR6)
  (net 29 /BL6)
  (net 30 /OR7)
  (net 31 /BL7)
  (net 32 /OR8)
  (net 33 /BL8)
  (net 34 /LED1a)
  (net 35 /LED1b)
  (net 36 /LED2a)
  (net 37 /LED2b)
  (net 38 /LED3a)
  (net 39 /LED3b)
  (net 40 /LED4a)
  (net 41 /LED4b)
  (net 42 /LED5a)
  (net 43 /LED5b)
  (net 44 /LED6a)
  (net 45 /LED6b)
  (net 46 /LED7a)
  (net 47 /LED7b)
  (net 48 /LED8a)
  (net 49 /LED8b)
  (net 50 /SW_Right)
  (net 51 /SW_Left)
  (net 52 /SW_Down)
  (net 53 /SW_UP)
  (net 54 /SW_Center)
  (net 55 /pot_pullup)
  (net 56 /V3P3_LED)
  (net 57 /V6P0_LED)

  (net_class Default "This is the default net class."
    (clearance 0.1524)
    (trace_width 0.1524)
    (via_dia 0.762)
    (via_drill 0.381)
    (uvia_dia 0.3)
    (uvia_drill 0.1)
    (add_net /A0_SEL)
    (add_net /A1_SEL)
    (add_net /A2_SEL)
    (add_net /A3_SEL)
    (add_net /A4_SEL)
    (add_net /A5_SEL)
    (add_net /CLK_EXT)
    (add_net /Output_Enable)
    (add_net /SW_Center)
    (add_net /SW_Down)
    (add_net /SW_Left)
    (add_net /SW_Right)
    (add_net /SW_UP)
    (add_net /V3P3_LED)
    (add_net /V6P0_LED)
    (add_net /pot_pullup)
    (add_net I2C_SCL)
    (add_net I2C_SDA)
    (add_net PI_5way)
    (add_net PI_pot)
  )

  (net_class LED_20mA ""
    (clearance 0.2032)
    (trace_width 0.254)
    (via_dia 0.762)
    (via_drill 0.381)
    (uvia_dia 0.3)
    (uvia_drill 0.1)
    (add_net /BL1)
    (add_net /BL2)
    (add_net /BL3)
    (add_net /BL4)
    (add_net /BL5)
    (add_net /BL6)
    (add_net /BL7)
    (add_net /BL8)
    (add_net /LED1a)
    (add_net /LED1b)
    (add_net /LED2a)
    (add_net /LED2b)
    (add_net /LED3a)
    (add_net /LED3b)
    (add_net /LED4a)
    (add_net /LED4b)
    (add_net /LED5a)
    (add_net /LED5b)
    (add_net /LED6a)
    (add_net /LED6b)
    (add_net /LED7a)
    (add_net /LED7b)
    (add_net /LED8a)
    (add_net /LED8b)
    (add_net /OR1)
    (add_net /OR2)
    (add_net /OR3)
    (add_net /OR4)
    (add_net /OR5)
    (add_net /OR6)
    (add_net /OR7)
    (add_net /OR8)
  )

  (net_class PWR ""
    (clearance 0.254)
    (trace_width 0.254)
    (via_dia 0.762)
    (via_drill 0.381)
    (uvia_dia 0.3)
    (uvia_drill 0.1)
    (add_net GND)
    (add_net STBY)
    (add_net SYTEM_POWER)
    (add_net V3P3)
    (add_net V6P0)
  )

  (module ERW_LED:Double_LED_0603_1608Metric_Castellated (layer F.Cu) (tedit 5CFB27D9) (tstamp 5D37E2BC)
    (at 49.4284 52.8066 90)
    (path /5CFD5DD4)
    (fp_text reference D10 (at 0.05842 -3.4163) (layer F.SilkS)
      (effects (font (size 1 1) (thickness 0.15)))
    )
    (fp_text value BL-OR (at -0.05 0 90) (layer F.Fab)
      (effects (font (size 1 1) (thickness 0.15)))
    )
    (fp_circle (center 0.725 -1.475) (end 0.825 -1.475) (layer F.SilkS) (width 0.2))
    (fp_line (start 0.25 0.8) (end -0.25 0.8) (layer F.Fab) (width 0.0254))
    (fp_arc (start -0.4 0.8) (end -0.25 0.8) (angle -180) (layer F.Fab) (width 0.0254))
    (fp_arc (start 0.4 0.8) (end 0.55 0.8) (angle -180) (layer F.Fab) (width 0.0254))
    (fp_arc (start -0.4 -0.8) (end -0.55 -0.8) (angle -180) (layer F.Fab) (width 0.0254))
    (fp_arc (start 0.4 -0.8) (end 0.25 -0.8) (angle -180) (layer F.Fab) (width 0.0254))
    (fp_line (start 0.75 0.8) (end 0.75 -0.8) (layer F.Fab) (width 0.0254))
    (fp_line (start -0.75 0.8) (end -0.55 0.8) (layer F.Fab) (width 0.0254))
    (fp_line (start 0.55 0.8) (end 0.75 0.8) (layer F.Fab) (width 0.0254))
    (fp_line (start -0.25 -0.8) (end 0.25 -0.8) (layer F.Fab) (width 0.0254))
    (fp_line (start 0.75 -0.8) (end 0.55 -0.8) (layer F.Fab) (width 0.0254))
    (fp_line (start -0.55 -0.8) (end -0.75 -0.8) (layer F.Fab) (width 0.0254))
    (fp_line (start -0.75 -0.8) (end -0.75 0.8) (layer F.Fab) (width 0.0254))
    (fp_line (start -0.889 1.27) (end -0.889 -1.27) (layer F.CrtYd) (width 0.0254))
    (fp_line (start 0.889 -1.27) (end 0.889 1.27) (layer F.CrtYd) (width 0.0254))
    (fp_line (start 0.889 1.27) (end -0.889 1.27) (layer F.CrtYd) (width 0.0254))
    (fp_line (start -0.889 -1.27) (end 0.889 -1.27) (layer F.CrtYd) (width 0.0254))
    (fp_line (start -0.6858 0.0762) (end -0.1778 0.0762) (layer F.SilkS) (width 0.15))
    (fp_line (start 0.1778 0.0762) (end 0.6858 0.0762) (layer F.SilkS) (width 0.15))
    (pad 4 smd rect (at -0.4445 0.73025 270) (size 0.635 0.8509) (layers F.Cu F.Paste F.Mask)
      (net 32 /OR8))
    (pad 1 smd rect (at 0.4445 -0.73025 90) (size 0.635 0.8509) (layers F.Cu F.Paste F.Mask)
      (net 2 V6P0))
    (pad 3 smd rect (at 0.4445 0.73025 270) (size 0.635 0.8509) (layers F.Cu F.Paste F.Mask)
      (net 33 /BL8))
    (pad 2 smd rect (at -0.4445 -0.73025 90) (size 0.635 0.8509) (layers F.Cu F.Paste F.Mask)
      (net 2 V6P0))
    (model ${KISYS3DMOD}/LED_SMD.3dshapes/LED_0603_1608Metric_Castellated.step
      (at (xyz 0 0 0))
      (scale (xyz 1 2 1))
      (rotate (xyz 0 0 90))
    )
  )

  (module ERW_LED:Double_LED_0603_1608Metric_Castellated (layer F.Cu) (tedit 5CFB27D9) (tstamp 5D37E2A1)
    (at 62.1284 52.8066 90)
    (path /5D0978BC)
    (fp_text reference D9 (at -0.01778 -3.08102) (layer F.SilkS)
      (effects (font (size 1 1) (thickness 0.15)))
    )
    (fp_text value BL-OR (at -0.05 0 90) (layer F.Fab)
      (effects (font (size 1 1) (thickness 0.15)))
    )
    (fp_line (start 0.1778 0.0762) (end 0.6858 0.0762) (layer F.SilkS) (width 0.15))
    (fp_line (start -0.6858 0.0762) (end -0.1778 0.0762) (layer F.SilkS) (width 0.15))
    (fp_line (start -0.889 -1.27) (end 0.889 -1.27) (layer F.CrtYd) (width 0.0254))
    (fp_line (start 0.889 1.27) (end -0.889 1.27) (layer F.CrtYd) (width 0.0254))
    (fp_line (start 0.889 -1.27) (end 0.889 1.27) (layer F.CrtYd) (width 0.0254))
    (fp_line (start -0.889 1.27) (end -0.889 -1.27) (layer F.CrtYd) (width 0.0254))
    (fp_line (start -0.75 -0.8) (end -0.75 0.8) (layer F.Fab) (width 0.0254))
    (fp_line (start -0.55 -0.8) (end -0.75 -0.8) (layer F.Fab) (width 0.0254))
    (fp_line (start 0.75 -0.8) (end 0.55 -0.8) (layer F.Fab) (width 0.0254))
    (fp_line (start -0.25 -0.8) (end 0.25 -0.8) (layer F.Fab) (width 0.0254))
    (fp_line (start 0.55 0.8) (end 0.75 0.8) (layer F.Fab) (width 0.0254))
    (fp_line (start -0.75 0.8) (end -0.55 0.8) (layer F.Fab) (width 0.0254))
    (fp_line (start 0.75 0.8) (end 0.75 -0.8) (layer F.Fab) (width 0.0254))
    (fp_arc (start 0.4 -0.8) (end 0.25 -0.8) (angle -180) (layer F.Fab) (width 0.0254))
    (fp_arc (start -0.4 -0.8) (end -0.55 -0.8) (angle -180) (layer F.Fab) (width 0.0254))
    (fp_arc (start 0.4 0.8) (end 0.55 0.8) (angle -180) (layer F.Fab) (width 0.0254))
    (fp_arc (start -0.4 0.8) (end -0.25 0.8) (angle -180) (layer F.Fab) (width 0.0254))
    (fp_line (start 0.25 0.8) (end -0.25 0.8) (layer F.Fab) (width 0.0254))
    (fp_circle (center 0.725 -1.475) (end 0.825 -1.475) (layer F.SilkS) (width 0.2))
    (pad 2 smd rect (at -0.4445 -0.73025 90) (size 0.635 0.8509) (layers F.Cu F.Paste F.Mask)
      (net 2 V6P0))
    (pad 3 smd rect (at 0.4445 0.73025 270) (size 0.635 0.8509) (layers F.Cu F.Paste F.Mask)
      (net 31 /BL7))
    (pad 1 smd rect (at 0.4445 -0.73025 90) (size 0.635 0.8509) (layers F.Cu F.Paste F.Mask)
      (net 2 V6P0))
    (pad 4 smd rect (at -0.4445 0.73025 270) (size 0.635 0.8509) (layers F.Cu F.Paste F.Mask)
      (net 30 /OR7))
    (model ${KISYS3DMOD}/LED_SMD.3dshapes/LED_0603_1608Metric_Castellated.step
      (at (xyz 0 0 0))
      (scale (xyz 1 2 1))
      (rotate (xyz 0 0 90))
    )
  )

  (module LED_SMD:LED_0603_1608Metric_Castellated (layer B.Cu) (tedit 5B301BBE) (tstamp 5D37DFD7)
    (at 80.0354 30.353)
    (descr "LED SMD 0603 (1608 Metric), castellated end terminal, IPC_7351 nominal, (Body size source: http://www.tortai-tech.com/upload/download/2011102023233369053.pdf), generated with kicad-footprint-generator")
    (tags "LED castellated")
    (path /5D355ECA)
    (attr smd)
    (fp_text reference D1 (at 4.24434 0.0508) (layer B.SilkS)
      (effects (font (size 1 1) (thickness 0.15)) (justify mirror))
    )
    (fp_text value GRN (at 0 -1.38) (layer B.Fab)
      (effects (font (size 1 1) (thickness 0.15)) (justify mirror))
    )
    (fp_text user %R (at 0 0) (layer B.Fab)
      (effects (font (size 0.4 0.4) (thickness 0.06)) (justify mirror))
    )
    (fp_line (start 1.68 -0.68) (end -1.68 -0.68) (layer B.CrtYd) (width 0.05))
    (fp_line (start 1.68 0.68) (end 1.68 -0.68) (layer B.CrtYd) (width 0.05))
    (fp_line (start -1.68 0.68) (end 1.68 0.68) (layer B.CrtYd) (width 0.05))
    (fp_line (start -1.68 -0.68) (end -1.68 0.68) (layer B.CrtYd) (width 0.05))
    (fp_line (start -1.685 -0.685) (end 0.8 -0.685) (layer B.SilkS) (width 0.12))
    (fp_line (start -1.685 0.685) (end -1.685 -0.685) (layer B.SilkS) (width 0.12))
    (fp_line (start 0.8 0.685) (end -1.685 0.685) (layer B.SilkS) (width 0.12))
    (fp_line (start 0.8 -0.4) (end 0.8 0.4) (layer B.Fab) (width 0.1))
    (fp_line (start -0.8 -0.4) (end 0.8 -0.4) (layer B.Fab) (width 0.1))
    (fp_line (start -0.8 0.1) (end -0.8 -0.4) (layer B.Fab) (width 0.1))
    (fp_line (start -0.5 0.4) (end -0.8 0.1) (layer B.Fab) (width 0.1))
    (fp_line (start 0.8 0.4) (end -0.5 0.4) (layer B.Fab) (width 0.1))
    (pad 2 smd roundrect (at 0.8125 0) (size 1.225 0.85) (layers B.Cu B.Paste B.Mask) (roundrect_rratio 0.25)
      (net 17 V3P3))
    (pad 1 smd roundrect (at -0.8125 0) (size 1.225 0.85) (layers B.Cu B.Paste B.Mask) (roundrect_rratio 0.25)
      (net 56 /V3P3_LED))
    (model ${KISYS3DMOD}/LED_SMD.3dshapes/LED_0603_1608Metric_Castellated.wrl
      (at (xyz 0 0 0))
      (scale (xyz 1 1 1))
      (rotate (xyz 0 0 0))
    )
  )

  (module LED_SMD:LED_0603_1608Metric_Castellated (layer B.Cu) (tedit 5B301BBE) (tstamp 5D38CF19)
    (at 47.5742 44.48048 180)
    (descr "LED SMD 0603 (1608 Metric), castellated end terminal, IPC_7351 nominal, (Body size source: http://www.tortai-tech.com/upload/download/2011102023233369053.pdf), generated with kicad-footprint-generator")
    (tags "LED castellated")
    (path /5D2DB533)
    (attr smd)
    (fp_text reference D3 (at -125.90018 -2.5781 180) (layer B.SilkS)
      (effects (font (size 1 1) (thickness 0.15)) (justify mirror))
    )
    (fp_text value GRN (at 0 -1.38 180) (layer B.Fab)
      (effects (font (size 1 1) (thickness 0.15)) (justify mirror))
    )
    (fp_line (start 0.8 0.4) (end -0.5 0.4) (layer B.Fab) (width 0.1))
    (fp_line (start -0.5 0.4) (end -0.8 0.1) (layer B.Fab) (width 0.1))
    (fp_line (start -0.8 0.1) (end -0.8 -0.4) (layer B.Fab) (width 0.1))
    (fp_line (start -0.8 -0.4) (end 0.8 -0.4) (layer B.Fab) (width 0.1))
    (fp_line (start 0.8 -0.4) (end 0.8 0.4) (layer B.Fab) (width 0.1))
    (fp_line (start 0.8 0.685) (end -1.685 0.685) (layer B.SilkS) (width 0.12))
    (fp_line (start -1.685 0.685) (end -1.685 -0.685) (layer B.SilkS) (width 0.12))
    (fp_line (start -1.685 -0.685) (end 0.8 -0.685) (layer B.SilkS) (width 0.12))
    (fp_line (start -1.68 -0.68) (end -1.68 0.68) (layer B.CrtYd) (width 0.05))
    (fp_line (start -1.68 0.68) (end 1.68 0.68) (layer B.CrtYd) (width 0.05))
    (fp_line (start 1.68 0.68) (end 1.68 -0.68) (layer B.CrtYd) (width 0.05))
    (fp_line (start 1.68 -0.68) (end -1.68 -0.68) (layer B.CrtYd) (width 0.05))
    (fp_text user %R (at 0 0 180) (layer B.Fab)
      (effects (font (size 0.4 0.4) (thickness 0.06)) (justify mirror))
    )
    (pad 1 smd roundrect (at -0.8125 0 180) (size 1.225 0.85) (layers B.Cu B.Paste B.Mask) (roundrect_rratio 0.25)
      (net 57 /V6P0_LED))
    (pad 2 smd roundrect (at 0.8125 0 180) (size 1.225 0.85) (layers B.Cu B.Paste B.Mask) (roundrect_rratio 0.25)
      (net 2 V6P0))
    (model ${KISYS3DMOD}/LED_SMD.3dshapes/LED_0603_1608Metric_Castellated.wrl
      (at (xyz 0 0 0))
      (scale (xyz 1 1 1))
      (rotate (xyz 0 0 0))
    )
  )

  (module Resistor_SMD:R_0603_1608Metric (layer B.Cu) (tedit 5B301BBD) (tstamp 5D37DC92)
    (at 157.3022 47.3964 90)
    (descr "Resistor SMD 0603 (1608 Metric), square (rectangular) end terminal, IPC_7351 nominal, (Body size source: http://www.tortai-tech.com/upload/download/2011102023233369053.pdf), generated with kicad-footprint-generator")
    (tags resistor)
    (path /5D5BC9DD)
    (attr smd)
    (fp_text reference R42 (at 0.00508 1.52908 90) (layer B.SilkS)
      (effects (font (size 1 1) (thickness 0.15)) (justify mirror))
    )
    (fp_text value 3.3k (at 0 -1.43 90) (layer B.Fab)
      (effects (font (size 1 1) (thickness 0.15)) (justify mirror))
    )
    (fp_text user %R (at 0 0 90) (layer B.Fab)
      (effects (font (size 0.4 0.4) (thickness 0.06)) (justify mirror))
    )
    (fp_line (start 1.48 -0.73) (end -1.48 -0.73) (layer B.CrtYd) (width 0.05))
    (fp_line (start 1.48 0.73) (end 1.48 -0.73) (layer B.CrtYd) (width 0.05))
    (fp_line (start -1.48 0.73) (end 1.48 0.73) (layer B.CrtYd) (width 0.05))
    (fp_line (start -1.48 -0.73) (end -1.48 0.73) (layer B.CrtYd) (width 0.05))
    (fp_line (start -0.162779 -0.51) (end 0.162779 -0.51) (layer B.SilkS) (width 0.12))
    (fp_line (start -0.162779 0.51) (end 0.162779 0.51) (layer B.SilkS) (width 0.12))
    (fp_line (start 0.8 -0.4) (end -0.8 -0.4) (layer B.Fab) (width 0.1))
    (fp_line (start 0.8 0.4) (end 0.8 -0.4) (layer B.Fab) (width 0.1))
    (fp_line (start -0.8 0.4) (end 0.8 0.4) (layer B.Fab) (width 0.1))
    (fp_line (start -0.8 -0.4) (end -0.8 0.4) (layer B.Fab) (width 0.1))
    (pad 2 smd roundrect (at 0.7875 0 90) (size 0.875 0.95) (layers B.Cu B.Paste B.Mask) (roundrect_rratio 0.25)
      (net 1 GND))
    (pad 1 smd roundrect (at -0.7875 0 90) (size 0.875 0.95) (layers B.Cu B.Paste B.Mask) (roundrect_rratio 0.25)
      (net 53 /SW_UP))
    (model ${KISYS3DMOD}/Resistor_SMD.3dshapes/R_0603_1608Metric.wrl
      (at (xyz 0 0 0))
      (scale (xyz 1 1 1))
      (rotate (xyz 0 0 0))
    )
  )

  (module Resistor_SMD:R_0603_1608Metric (layer B.Cu) (tedit 5B301BBD) (tstamp 5D37DC81)
    (at 155.3972 47.371 90)
    (descr "Resistor SMD 0603 (1608 Metric), square (rectangular) end terminal, IPC_7351 nominal, (Body size source: http://www.tortai-tech.com/upload/download/2011102023233369053.pdf), generated with kicad-footprint-generator")
    (tags resistor)
    (path /5D5BC9E4)
    (attr smd)
    (fp_text reference R43 (at 2.09804 0.00508 180) (layer B.SilkS)
      (effects (font (size 1 1) (thickness 0.15)) (justify mirror))
    )
    (fp_text value 10k (at 0 -1.43 90) (layer B.Fab)
      (effects (font (size 1 1) (thickness 0.15)) (justify mirror))
    )
    (fp_line (start -0.8 -0.4) (end -0.8 0.4) (layer B.Fab) (width 0.1))
    (fp_line (start -0.8 0.4) (end 0.8 0.4) (layer B.Fab) (width 0.1))
    (fp_line (start 0.8 0.4) (end 0.8 -0.4) (layer B.Fab) (width 0.1))
    (fp_line (start 0.8 -0.4) (end -0.8 -0.4) (layer B.Fab) (width 0.1))
    (fp_line (start -0.162779 0.51) (end 0.162779 0.51) (layer B.SilkS) (width 0.12))
    (fp_line (start -0.162779 -0.51) (end 0.162779 -0.51) (layer B.SilkS) (width 0.12))
    (fp_line (start -1.48 -0.73) (end -1.48 0.73) (layer B.CrtYd) (width 0.05))
    (fp_line (start -1.48 0.73) (end 1.48 0.73) (layer B.CrtYd) (width 0.05))
    (fp_line (start 1.48 0.73) (end 1.48 -0.73) (layer B.CrtYd) (width 0.05))
    (fp_line (start 1.48 -0.73) (end -1.48 -0.73) (layer B.CrtYd) (width 0.05))
    (fp_text user %R (at 0 0 90) (layer B.Fab)
      (effects (font (size 0.4 0.4) (thickness 0.06)) (justify mirror))
    )
    (pad 1 smd roundrect (at -0.7875 0 90) (size 0.875 0.95) (layers B.Cu B.Paste B.Mask) (roundrect_rratio 0.25)
      (net 54 /SW_Center))
    (pad 2 smd roundrect (at 0.7875 0 90) (size 0.875 0.95) (layers B.Cu B.Paste B.Mask) (roundrect_rratio 0.25)
      (net 1 GND))
    (model ${KISYS3DMOD}/Resistor_SMD.3dshapes/R_0603_1608Metric.wrl
      (at (xyz 0 0 0))
      (scale (xyz 1 1 1))
      (rotate (xyz 0 0 0))
    )
  )

  (module Resistor_SMD:R_0603_1608Metric (layer F.Cu) (tedit 5B301BBD) (tstamp 5DADD14B)
    (at 175.6664 43.434)
    (descr "Resistor SMD 0603 (1608 Metric), square (rectangular) end terminal, IPC_7351 nominal, (Body size source: http://www.tortai-tech.com/upload/download/2011102023233369053.pdf), generated with kicad-footprint-generator")
    (tags resistor)
    (path /5D39D507)
    (attr smd)
    (fp_text reference R37 (at 0 1.524 180) (layer F.SilkS)
      (effects (font (size 1 1) (thickness 0.15)))
    )
    (fp_text value 1k (at -7.62 0) (layer F.Fab)
      (effects (font (size 1 1) (thickness 0.15)))
    )
    (fp_text user %R (at 0 0) (layer F.Fab)
      (effects (font (size 0.4 0.4) (thickness 0.06)))
    )
    (fp_line (start 1.48 0.73) (end -1.48 0.73) (layer F.CrtYd) (width 0.05))
    (fp_line (start 1.48 -0.73) (end 1.48 0.73) (layer F.CrtYd) (width 0.05))
    (fp_line (start -1.48 -0.73) (end 1.48 -0.73) (layer F.CrtYd) (width 0.05))
    (fp_line (start -1.48 0.73) (end -1.48 -0.73) (layer F.CrtYd) (width 0.05))
    (fp_line (start -0.162779 0.51) (end 0.162779 0.51) (layer F.SilkS) (width 0.12))
    (fp_line (start -0.162779 -0.51) (end 0.162779 -0.51) (layer F.SilkS) (width 0.12))
    (fp_line (start 0.8 0.4) (end -0.8 0.4) (layer F.Fab) (width 0.1))
    (fp_line (start 0.8 -0.4) (end 0.8 0.4) (layer F.Fab) (width 0.1))
    (fp_line (start -0.8 -0.4) (end 0.8 -0.4) (layer F.Fab) (width 0.1))
    (fp_line (start -0.8 0.4) (end -0.8 -0.4) (layer F.Fab) (width 0.1))
    (pad 2 smd roundrect (at 0.7875 0) (size 0.875 0.95) (layers F.Cu F.Paste F.Mask) (roundrect_rratio 0.25)
      (net 55 /pot_pullup))
    (pad 1 smd roundrect (at -0.7875 0) (size 0.875 0.95) (layers F.Cu F.Paste F.Mask) (roundrect_rratio 0.25)
      (net 17 V3P3))
    (model ${KISYS3DMOD}/Resistor_SMD.3dshapes/R_0603_1608Metric.wrl
      (at (xyz 0 0 0))
      (scale (xyz 1 1 1))
      (rotate (xyz 0 0 0))
    )
  )

  (module Resistor_SMD:R_0603_1608Metric (layer B.Cu) (tedit 5B301BBD) (tstamp 5D29824B)
    (at 176.3014 47.752 270)
    (descr "Resistor SMD 0603 (1608 Metric), square (rectangular) end terminal, IPC_7351 nominal, (Body size source: http://www.tortai-tech.com/upload/download/2011102023233369053.pdf), generated with kicad-footprint-generator")
    (tags resistor)
    (path /5DA8C7B1)
    (attr smd)
    (fp_text reference R36 (at 0.13716 -1.66624 270) (layer B.SilkS)
      (effects (font (size 1 1) (thickness 0.15)) (justify mirror))
    )
    (fp_text value 1k (at 7.62 0 270) (layer B.Fab)
      (effects (font (size 1 1) (thickness 0.15)) (justify mirror))
    )
    (fp_text user %R (at 0 0 270) (layer B.Fab)
      (effects (font (size 0.4 0.4) (thickness 0.06)) (justify mirror))
    )
    (fp_line (start 1.48 -0.73) (end -1.48 -0.73) (layer B.CrtYd) (width 0.05))
    (fp_line (start 1.48 0.73) (end 1.48 -0.73) (layer B.CrtYd) (width 0.05))
    (fp_line (start -1.48 0.73) (end 1.48 0.73) (layer B.CrtYd) (width 0.05))
    (fp_line (start -1.48 -0.73) (end -1.48 0.73) (layer B.CrtYd) (width 0.05))
    (fp_line (start -0.162779 -0.51) (end 0.162779 -0.51) (layer B.SilkS) (width 0.12))
    (fp_line (start -0.162779 0.51) (end 0.162779 0.51) (layer B.SilkS) (width 0.12))
    (fp_line (start 0.8 -0.4) (end -0.8 -0.4) (layer B.Fab) (width 0.1))
    (fp_line (start 0.8 0.4) (end 0.8 -0.4) (layer B.Fab) (width 0.1))
    (fp_line (start -0.8 0.4) (end 0.8 0.4) (layer B.Fab) (width 0.1))
    (fp_line (start -0.8 -0.4) (end -0.8 0.4) (layer B.Fab) (width 0.1))
    (pad 2 smd roundrect (at 0.7875 0 270) (size 0.875 0.95) (layers B.Cu B.Paste B.Mask) (roundrect_rratio 0.25)
      (net 1 GND))
    (pad 1 smd roundrect (at -0.7875 0 270) (size 0.875 0.95) (layers B.Cu B.Paste B.Mask) (roundrect_rratio 0.25)
      (net 3 SYTEM_POWER))
    (model ${KISYS3DMOD}/Resistor_SMD.3dshapes/R_0603_1608Metric.wrl
      (at (xyz 0 0 0))
      (scale (xyz 1 1 1))
      (rotate (xyz 0 0 0))
    )
  )

  (module ERW_SW:5way_tactile (layer F.Cu) (tedit 5CEF61DF) (tstamp 5D29897E)
    (at 155.3972 50.6603 270)
    (path /5D5B1288)
    (fp_text reference SW2 (at -3.87604 -4.0386 315) (layer F.SilkS)
      (effects (font (size 1.016 1.016) (thickness 0.1524)))
    )
    (fp_text value 5WAY_SW (at 0 -0.1 270) (layer F.Fab)
      (effects (font (size 1.016 1.016) (thickness 0.1524)))
    )
    (fp_line (start -1.143 5.207) (end 1.143 5.207) (layer F.CrtYd) (width 0.1524))
    (fp_line (start 1.143 5.207) (end 4.445 1.905) (layer F.CrtYd) (width 0.1524))
    (fp_line (start -4.445 1.905) (end -1.143 5.207) (layer F.CrtYd) (width 0.1524))
    (fp_line (start -4.445 1.905) (end -4.445 -1.905) (layer F.CrtYd) (width 0.1524))
    (fp_line (start 4.445 -1.905) (end 4.445 1.905) (layer F.CrtYd) (width 0.1524))
    (fp_line (start 4.445 -1.905) (end 1.143 -5.207) (layer F.CrtYd) (width 0.1524))
    (fp_line (start -1.143 -5.207) (end -4.445 -1.905) (layer F.CrtYd) (width 0.1524))
    (fp_line (start 1.143 -5.207) (end -1.143 -5.207) (layer F.CrtYd) (width 0.1524))
    (fp_circle (center -3.55 -2.55) (end -3.35 -2.55) (layer F.SilkS) (width 0.4))
    (fp_line (start -3.75 2.35) (end -2.35 3.75) (layer F.SilkS) (width 0.1524))
    (fp_line (start 3.75 2.35) (end 3.75 2.25) (layer F.SilkS) (width 0.1524))
    (fp_line (start -2.35 3.75) (end -1.35 3.75) (layer F.SilkS) (width 0.1524))
    (fp_line (start 1.3 3.75) (end 2.35 3.75) (layer F.SilkS) (width 0.1524))
    (fp_line (start 2.35 3.75) (end 3.75 2.35) (layer F.SilkS) (width 0.1524))
    (fp_line (start -3.75 2.25) (end -3.75 2.35) (layer F.SilkS) (width 0.1524))
    (fp_line (start -2.35 -3.75) (end -3.75 -2.35) (layer F.SilkS) (width 0.1524))
    (fp_line (start -1.3 -3.75) (end -2.35 -3.75) (layer F.SilkS) (width 0.1524))
    (fp_line (start 2.35 -3.75) (end 1.35 -3.75) (layer F.SilkS) (width 0.1524))
    (fp_line (start 3.75 -2.35) (end 2.35 -3.75) (layer F.SilkS) (width 0.1524))
    (fp_line (start 3.75 -2.25) (end 3.75 -2.35) (layer F.SilkS) (width 0.1524))
    (fp_poly (pts (xy 0 -2.8) (xy -0.95 -3.75) (xy 0.95 -3.75)) (layer F.Fab) (width 0.15))
    (fp_line (start -2.35 3.75) (end 2.35 3.75) (layer F.Fab) (width 0.1524))
    (fp_line (start -3.75 -2.35) (end -3.75 2.35) (layer F.Fab) (width 0.1524))
    (fp_line (start 2.35 -3.75) (end -2.35 -3.75) (layer F.Fab) (width 0.1524))
    (fp_line (start -3.75 2.35) (end -2.35 3.75) (layer F.Fab) (width 0.1524))
    (fp_line (start -2.35 -3.75) (end -3.75 -2.35) (layer F.Fab) (width 0.1524))
    (fp_line (start 3.75 -2.35) (end 2.35 -3.75) (layer F.Fab) (width 0.1524))
    (fp_line (start 2.35 3.75) (end 3.75 2.35) (layer F.Fab) (width 0.1524))
    (fp_line (start 3.75 2.35) (end 3.75 -2.35) (layer F.Fab) (width 0.1524))
    (pad "" np_thru_hole circle (at 0 1.9 90) (size 1.1 1.1) (drill 1.05) (layers *.Cu *.Mask))
    (pad 2 smd rect (at -3.325 0 270) (size 1.85 1.1) (layers F.Cu F.Paste F.Mask)
      (net 54 /SW_Center))
    (pad 1 smd rect (at -3.325 -1.4 270) (size 1.85 1.1) (layers F.Cu F.Paste F.Mask)
      (net 53 /SW_UP))
    (pad 3 smd rect (at -3.325 1.4 270) (size 1.85 1.1) (layers F.Cu F.Paste F.Mask)
      (net 51 /SW_Left))
    (pad 4 smd rect (at 3.325 -1.4 270) (size 1.85 1.1) (layers F.Cu F.Paste F.Mask)
      (net 50 /SW_Right))
    (pad 5 smd rect (at 3.325 0 270) (size 1.85 1.1) (layers F.Cu F.Paste F.Mask)
      (net 6 PI_5way))
    (pad 6 smd rect (at 3.325 1.4 270) (size 1.85 1.1) (layers F.Cu F.Paste F.Mask)
      (net 52 /SW_Down))
    (pad "" smd rect (at 0 -4.1 270) (size 2 1.9) (layers F.Cu F.Paste F.Mask))
    (pad "" smd rect (at 0 4.2 270) (size 2 1.9) (layers F.Cu F.Paste F.Mask))
    (pad "" np_thru_hole circle (at 0 -1.9 270) (size 0.8 0.8) (drill 0.75) (layers *.Cu *.Mask))
    (model /home/earl/Documents/Projects/KiCAD/Libraries/3D_models/5way.STEP
      (at (xyz 0 0 0))
      (scale (xyz 1 1 1))
      (rotate (xyz 0 0 0))
    )
  )

  (module Resistor_SMD:R_0603_1608Metric (layer B.Cu) (tedit 5B301BBD) (tstamp 5D29F4E2)
    (at 153.4668 53.9496 270)
    (descr "Resistor SMD 0603 (1608 Metric), square (rectangular) end terminal, IPC_7351 nominal, (Body size source: http://www.tortai-tech.com/upload/download/2011102023233369053.pdf), generated with kicad-footprint-generator")
    (tags resistor)
    (path /5D440DDA)
    (attr smd)
    (fp_text reference R41 (at 0.01016 3.06324 90) (layer B.SilkS)
      (effects (font (size 1 1) (thickness 0.15)) (justify mirror))
    )
    (fp_text value 1.5k (at -7.62 0 270) (layer B.Fab)
      (effects (font (size 1 1) (thickness 0.15)) (justify mirror))
    )
    (fp_text user %R (at 0 0 270) (layer B.Fab)
      (effects (font (size 0.4 0.4) (thickness 0.06)) (justify mirror))
    )
    (fp_line (start 1.48 -0.73) (end -1.48 -0.73) (layer B.CrtYd) (width 0.05))
    (fp_line (start 1.48 0.73) (end 1.48 -0.73) (layer B.CrtYd) (width 0.05))
    (fp_line (start -1.48 0.73) (end 1.48 0.73) (layer B.CrtYd) (width 0.05))
    (fp_line (start -1.48 -0.73) (end -1.48 0.73) (layer B.CrtYd) (width 0.05))
    (fp_line (start -0.162779 -0.51) (end 0.162779 -0.51) (layer B.SilkS) (width 0.12))
    (fp_line (start -0.162779 0.51) (end 0.162779 0.51) (layer B.SilkS) (width 0.12))
    (fp_line (start 0.8 -0.4) (end -0.8 -0.4) (layer B.Fab) (width 0.1))
    (fp_line (start 0.8 0.4) (end 0.8 -0.4) (layer B.Fab) (width 0.1))
    (fp_line (start -0.8 0.4) (end 0.8 0.4) (layer B.Fab) (width 0.1))
    (fp_line (start -0.8 -0.4) (end -0.8 0.4) (layer B.Fab) (width 0.1))
    (pad 2 smd roundrect (at 0.7875 0 270) (size 0.875 0.95) (layers B.Cu B.Paste B.Mask) (roundrect_rratio 0.25)
      (net 1 GND))
    (pad 1 smd roundrect (at -0.7875 0 270) (size 0.875 0.95) (layers B.Cu B.Paste B.Mask) (roundrect_rratio 0.25)
      (net 52 /SW_Down))
    (model ${KISYS3DMOD}/Resistor_SMD.3dshapes/R_0603_1608Metric.wrl
      (at (xyz 0 0 0))
      (scale (xyz 1 1 1))
      (rotate (xyz 0 0 0))
    )
  )

  (module Capacitor_SMD:C_0603_1608Metric (layer B.Cu) (tedit 5B301BBE) (tstamp 5D924F40)
    (at 88.9508 37.7444 90)
    (descr "Capacitor SMD 0603 (1608 Metric), square (rectangular) end terminal, IPC_7351 nominal, (Body size source: http://www.tortai-tech.com/upload/download/2011102023233369053.pdf), generated with kicad-footprint-generator")
    (tags capacitor)
    (path /5CED4A3D)
    (attr smd)
    (fp_text reference C2 (at 3.048 0 90) (layer B.SilkS)
      (effects (font (size 1 1) (thickness 0.15)) (justify mirror))
    )
    (fp_text value 0.1uF (at 6.2484 -0.0508 90) (layer B.Fab)
      (effects (font (size 1 1) (thickness 0.15)) (justify mirror))
    )
    (fp_text user %R (at 0 0 90) (layer B.Fab)
      (effects (font (size 0.4 0.4) (thickness 0.06)) (justify mirror))
    )
    (fp_line (start 1.48 -0.73) (end -1.48 -0.73) (layer B.CrtYd) (width 0.05))
    (fp_line (start 1.48 0.73) (end 1.48 -0.73) (layer B.CrtYd) (width 0.05))
    (fp_line (start -1.48 0.73) (end 1.48 0.73) (layer B.CrtYd) (width 0.05))
    (fp_line (start -1.48 -0.73) (end -1.48 0.73) (layer B.CrtYd) (width 0.05))
    (fp_line (start -0.162779 -0.51) (end 0.162779 -0.51) (layer B.SilkS) (width 0.12))
    (fp_line (start -0.162779 0.51) (end 0.162779 0.51) (layer B.SilkS) (width 0.12))
    (fp_line (start 0.8 -0.4) (end -0.8 -0.4) (layer B.Fab) (width 0.1))
    (fp_line (start 0.8 0.4) (end 0.8 -0.4) (layer B.Fab) (width 0.1))
    (fp_line (start -0.8 0.4) (end 0.8 0.4) (layer B.Fab) (width 0.1))
    (fp_line (start -0.8 -0.4) (end -0.8 0.4) (layer B.Fab) (width 0.1))
    (pad 2 smd roundrect (at 0.7875 0 90) (size 0.875 0.95) (layers B.Cu B.Paste B.Mask) (roundrect_rratio 0.25)
      (net 1 GND))
    (pad 1 smd roundrect (at -0.7875 0 90) (size 0.875 0.95) (layers B.Cu B.Paste B.Mask) (roundrect_rratio 0.25)
      (net 17 V3P3))
    (model ${KISYS3DMOD}/Capacitor_SMD.3dshapes/C_0603_1608Metric.wrl
      (at (xyz 0 0 0))
      (scale (xyz 1 1 1))
      (rotate (xyz 0 0 0))
    )
  )

  (module Capacitor_SMD:C_0603_1608Metric (layer B.Cu) (tedit 5B301BBE) (tstamp 5DA02C85)
    (at 127.1524 52.8066)
    (descr "Capacitor SMD 0603 (1608 Metric), square (rectangular) end terminal, IPC_7351 nominal, (Body size source: http://www.tortai-tech.com/upload/download/2011102023233369053.pdf), generated with kicad-footprint-generator")
    (tags capacitor)
    (path /5D2C4987)
    (attr smd)
    (fp_text reference C3 (at 1.54432 -1.56464 180) (layer B.SilkS)
      (effects (font (size 1 1) (thickness 0.15)) (justify mirror))
    )
    (fp_text value 1uF (at 0 -1.43) (layer B.Fab)
      (effects (font (size 1 1) (thickness 0.15)) (justify mirror))
    )
    (fp_text user %R (at 0 0) (layer B.Fab)
      (effects (font (size 0.4 0.4) (thickness 0.06)) (justify mirror))
    )
    (fp_line (start 1.48 -0.73) (end -1.48 -0.73) (layer B.CrtYd) (width 0.05))
    (fp_line (start 1.48 0.73) (end 1.48 -0.73) (layer B.CrtYd) (width 0.05))
    (fp_line (start -1.48 0.73) (end 1.48 0.73) (layer B.CrtYd) (width 0.05))
    (fp_line (start -1.48 -0.73) (end -1.48 0.73) (layer B.CrtYd) (width 0.05))
    (fp_line (start -0.162779 -0.51) (end 0.162779 -0.51) (layer B.SilkS) (width 0.12))
    (fp_line (start -0.162779 0.51) (end 0.162779 0.51) (layer B.SilkS) (width 0.12))
    (fp_line (start 0.8 -0.4) (end -0.8 -0.4) (layer B.Fab) (width 0.1))
    (fp_line (start 0.8 0.4) (end 0.8 -0.4) (layer B.Fab) (width 0.1))
    (fp_line (start -0.8 0.4) (end 0.8 0.4) (layer B.Fab) (width 0.1))
    (fp_line (start -0.8 -0.4) (end -0.8 0.4) (layer B.Fab) (width 0.1))
    (pad 2 smd roundrect (at 0.7875 0) (size 0.875 0.95) (layers B.Cu B.Paste B.Mask) (roundrect_rratio 0.25)
      (net 1 GND))
    (pad 1 smd roundrect (at -0.7875 0) (size 0.875 0.95) (layers B.Cu B.Paste B.Mask) (roundrect_rratio 0.25)
      (net 2 V6P0))
    (model ${KISYS3DMOD}/Capacitor_SMD.3dshapes/C_0603_1608Metric.wrl
      (at (xyz 0 0 0))
      (scale (xyz 1 1 1))
      (rotate (xyz 0 0 0))
    )
  )

  (module Capacitor_SMD:C_0603_1608Metric (layer B.Cu) (tedit 5B301BBE) (tstamp 5CFB52FF)
    (at 156.972 42.5704 90)
    (descr "Capacitor SMD 0603 (1608 Metric), square (rectangular) end terminal, IPC_7351 nominal, (Body size source: http://www.tortai-tech.com/upload/download/2011102023233369053.pdf), generated with kicad-footprint-generator")
    (tags capacitor)
    (path /5D0DC45D)
    (attr smd)
    (fp_text reference C4 (at 0.68072 -1.93548 180) (layer B.SilkS)
      (effects (font (size 1 1) (thickness 0.15)) (justify mirror))
    )
    (fp_text value 1uF (at 5.6641 -0.2794 90) (layer B.Fab)
      (effects (font (size 1 1) (thickness 0.15)) (justify mirror))
    )
    (fp_text user %R (at 0 0 90) (layer B.Fab)
      (effects (font (size 0.4 0.4) (thickness 0.06)) (justify mirror))
    )
    (fp_line (start 1.48 -0.73) (end -1.48 -0.73) (layer B.CrtYd) (width 0.05))
    (fp_line (start 1.48 0.73) (end 1.48 -0.73) (layer B.CrtYd) (width 0.05))
    (fp_line (start -1.48 0.73) (end 1.48 0.73) (layer B.CrtYd) (width 0.05))
    (fp_line (start -1.48 -0.73) (end -1.48 0.73) (layer B.CrtYd) (width 0.05))
    (fp_line (start -0.162779 -0.51) (end 0.162779 -0.51) (layer B.SilkS) (width 0.12))
    (fp_line (start -0.162779 0.51) (end 0.162779 0.51) (layer B.SilkS) (width 0.12))
    (fp_line (start 0.8 -0.4) (end -0.8 -0.4) (layer B.Fab) (width 0.1))
    (fp_line (start 0.8 0.4) (end 0.8 -0.4) (layer B.Fab) (width 0.1))
    (fp_line (start -0.8 0.4) (end 0.8 0.4) (layer B.Fab) (width 0.1))
    (fp_line (start -0.8 -0.4) (end -0.8 0.4) (layer B.Fab) (width 0.1))
    (pad 2 smd roundrect (at 0.7875 0 90) (size 0.875 0.95) (layers B.Cu B.Paste B.Mask) (roundrect_rratio 0.25)
      (net 1 GND))
    (pad 1 smd roundrect (at -0.7875 0 90) (size 0.875 0.95) (layers B.Cu B.Paste B.Mask) (roundrect_rratio 0.25)
      (net 2 V6P0))
    (model ${KISYS3DMOD}/Capacitor_SMD.3dshapes/C_0603_1608Metric.wrl
      (at (xyz 0 0 0))
      (scale (xyz 1 1 1))
      (rotate (xyz 0 0 0))
    )
  )

  (module Capacitor_SMD:C_0603_1608Metric (layer B.Cu) (tedit 5B301BBE) (tstamp 5D29A8C9)
    (at 90.8812 37.7443 90)
    (descr "Capacitor SMD 0603 (1608 Metric), square (rectangular) end terminal, IPC_7351 nominal, (Body size source: http://www.tortai-tech.com/upload/download/2011102023233369053.pdf), generated with kicad-footprint-generator")
    (tags capacitor)
    (path /5CFBB5F9)
    (attr smd)
    (fp_text reference C5 (at 3.048 0 90) (layer B.SilkS)
      (effects (font (size 1 1) (thickness 0.15)) (justify mirror))
    )
    (fp_text value 1uF (at 5.4863 -0.1778 90) (layer B.Fab)
      (effects (font (size 1 1) (thickness 0.15)) (justify mirror))
    )
    (fp_text user %R (at 0 0 90) (layer B.Fab)
      (effects (font (size 0.4 0.4) (thickness 0.06)) (justify mirror))
    )
    (fp_line (start 1.48 -0.73) (end -1.48 -0.73) (layer B.CrtYd) (width 0.05))
    (fp_line (start 1.48 0.73) (end 1.48 -0.73) (layer B.CrtYd) (width 0.05))
    (fp_line (start -1.48 0.73) (end 1.48 0.73) (layer B.CrtYd) (width 0.05))
    (fp_line (start -1.48 -0.73) (end -1.48 0.73) (layer B.CrtYd) (width 0.05))
    (fp_line (start -0.162779 -0.51) (end 0.162779 -0.51) (layer B.SilkS) (width 0.12))
    (fp_line (start -0.162779 0.51) (end 0.162779 0.51) (layer B.SilkS) (width 0.12))
    (fp_line (start 0.8 -0.4) (end -0.8 -0.4) (layer B.Fab) (width 0.1))
    (fp_line (start 0.8 0.4) (end 0.8 -0.4) (layer B.Fab) (width 0.1))
    (fp_line (start -0.8 0.4) (end 0.8 0.4) (layer B.Fab) (width 0.1))
    (fp_line (start -0.8 -0.4) (end -0.8 0.4) (layer B.Fab) (width 0.1))
    (pad 2 smd roundrect (at 0.7875 0 90) (size 0.875 0.95) (layers B.Cu B.Paste B.Mask) (roundrect_rratio 0.25)
      (net 1 GND))
    (pad 1 smd roundrect (at -0.7875 0 90) (size 0.875 0.95) (layers B.Cu B.Paste B.Mask) (roundrect_rratio 0.25)
      (net 17 V3P3))
    (model ${KISYS3DMOD}/Capacitor_SMD.3dshapes/C_0603_1608Metric.wrl
      (at (xyz 0 0 0))
      (scale (xyz 1 1 1))
      (rotate (xyz 0 0 0))
    )
  )

  (module Capacitor_SMD:C_0603_1608Metric (layer B.Cu) (tedit 5B301BBE) (tstamp 5CFB532F)
    (at 156.972 38.9128 270)
    (descr "Capacitor SMD 0603 (1608 Metric), square (rectangular) end terminal, IPC_7351 nominal, (Body size source: http://www.tortai-tech.com/upload/download/2011102023233369053.pdf), generated with kicad-footprint-generator")
    (tags capacitor)
    (path /5CED4A44)
    (attr smd)
    (fp_text reference C6 (at 0.6604 1.93548) (layer B.SilkS)
      (effects (font (size 1 1) (thickness 0.15)) (justify mirror))
    )
    (fp_text value 1uF (at 5.6641 -0.0762 270) (layer B.Fab)
      (effects (font (size 1 1) (thickness 0.15)) (justify mirror))
    )
    (fp_text user %R (at 0 0 270) (layer B.Fab)
      (effects (font (size 0.4 0.4) (thickness 0.06)) (justify mirror))
    )
    (fp_line (start 1.48 -0.73) (end -1.48 -0.73) (layer B.CrtYd) (width 0.05))
    (fp_line (start 1.48 0.73) (end 1.48 -0.73) (layer B.CrtYd) (width 0.05))
    (fp_line (start -1.48 0.73) (end 1.48 0.73) (layer B.CrtYd) (width 0.05))
    (fp_line (start -1.48 -0.73) (end -1.48 0.73) (layer B.CrtYd) (width 0.05))
    (fp_line (start -0.162779 -0.51) (end 0.162779 -0.51) (layer B.SilkS) (width 0.12))
    (fp_line (start -0.162779 0.51) (end 0.162779 0.51) (layer B.SilkS) (width 0.12))
    (fp_line (start 0.8 -0.4) (end -0.8 -0.4) (layer B.Fab) (width 0.1))
    (fp_line (start 0.8 0.4) (end 0.8 -0.4) (layer B.Fab) (width 0.1))
    (fp_line (start -0.8 0.4) (end 0.8 0.4) (layer B.Fab) (width 0.1))
    (fp_line (start -0.8 -0.4) (end -0.8 0.4) (layer B.Fab) (width 0.1))
    (pad 2 smd roundrect (at 0.7875 0 270) (size 0.875 0.95) (layers B.Cu B.Paste B.Mask) (roundrect_rratio 0.25)
      (net 1 GND))
    (pad 1 smd roundrect (at -0.7875 0 270) (size 0.875 0.95) (layers B.Cu B.Paste B.Mask) (roundrect_rratio 0.25)
      (net 17 V3P3))
    (model ${KISYS3DMOD}/Capacitor_SMD.3dshapes/C_0603_1608Metric.wrl
      (at (xyz 0 0 0))
      (scale (xyz 1 1 1))
      (rotate (xyz 0 0 0))
    )
  )

  (module Capacitor_SMD:C_0603_1608Metric (layer B.Cu) (tedit 5B301BBE) (tstamp 5D09F815)
    (at 114.4525 52.8066)
    (descr "Capacitor SMD 0603 (1608 Metric), square (rectangular) end terminal, IPC_7351 nominal, (Body size source: http://www.tortai-tech.com/upload/download/2011102023233369053.pdf), generated with kicad-footprint-generator")
    (tags capacitor)
    (path /5D2CC6D5)
    (attr smd)
    (fp_text reference C7 (at 1.72202 -1.46812 180) (layer B.SilkS)
      (effects (font (size 1 1) (thickness 0.15)) (justify mirror))
    )
    (fp_text value 1uF (at 0 -1.43) (layer B.Fab)
      (effects (font (size 1 1) (thickness 0.15)) (justify mirror))
    )
    (fp_text user %R (at 0 0) (layer B.Fab)
      (effects (font (size 0.4 0.4) (thickness 0.06)) (justify mirror))
    )
    (fp_line (start 1.48 -0.73) (end -1.48 -0.73) (layer B.CrtYd) (width 0.05))
    (fp_line (start 1.48 0.73) (end 1.48 -0.73) (layer B.CrtYd) (width 0.05))
    (fp_line (start -1.48 0.73) (end 1.48 0.73) (layer B.CrtYd) (width 0.05))
    (fp_line (start -1.48 -0.73) (end -1.48 0.73) (layer B.CrtYd) (width 0.05))
    (fp_line (start -0.162779 -0.51) (end 0.162779 -0.51) (layer B.SilkS) (width 0.12))
    (fp_line (start -0.162779 0.51) (end 0.162779 0.51) (layer B.SilkS) (width 0.12))
    (fp_line (start 0.8 -0.4) (end -0.8 -0.4) (layer B.Fab) (width 0.1))
    (fp_line (start 0.8 0.4) (end 0.8 -0.4) (layer B.Fab) (width 0.1))
    (fp_line (start -0.8 0.4) (end 0.8 0.4) (layer B.Fab) (width 0.1))
